-13 8 10
-12 8 10
-11 1 31
-11 2 31
-11 8 9
-11 8 10
-11 8 17
-11 8 18
-10 8 8
-10 8 9
-10 8 10
-10 8 17
-10 8 18
-9 8 8
-9 8 9
-9 8 10
-8 7 13
-8 8 8
-8 8 9
-8 8 10
-8 8 11
-8 8 18
-8 9 7
-7 8 7
-7 8 8
-7 8 9
-7 8 10
-7 8 11
-7 8 18
-6 8 7
-6 8 8
-6 8 9
-6 8 10
-6 8 12
-6 8 13
-6 8 14
-6 8 15
-6 8 16
-5 8 7
-5 8 8
-5 8 9
-5 8 10
-5 8 12
-5 8 13
-5 8 14
-5 8 15
-5 8 16
-5 8 17
-4 8 7
-4 8 8
-4 8 9
-4 8 10
-4 8 11
-4 8 13
-4 8 14
-4 8 15
-4 8 16
-4 8 17
-4 8 18
-4 8 19
-4 8 20
-3 7 30
-3 8 7
-3 8 8
-3 8 9
-3 8 10
-3 8 13
-3 8 14
-3 8 15
-3 8 16
-3 8 17
-3 8 18
-3 8 19
-3 8 20
-3 8 21
-2 -4 26
-2 -2 28
-2 -1 28
-2 1 28
-2 2 28
-2 8 8
-2 8 9
-2 8 10
-2 8 13
-2 8 14
-2 8 15
-2 8 16
-2 8 17
-2 8 18
-2 8 19
-2 8 20
-2 8 21
-1 -2 27
-1 -1 27
-1 0 27
-1 1 10
-1 2 10
-1 2 11
-1 2 27
-1 3 10
-1 3 11
-1 3 27
-1 4 10
-1 4 11
-1 4 26
-1 5 10
-1 5 11
-1 5 27
-1 6 10
-1 6 11
-1 6 27
-1 7 9
-1 7 11
-1 7 17
-1 8 9
-1 8 11
-1 8 13
-1 8 14
-1 8 15
-1 8 16
-1 8 17
-1 8 18
-1 8 19
-1 8 20
-1 8 21
0 -2 27
0 -1 27
0 0 27
0 1 10
0 2 10
0 2 11
0 3 10
0 3 27
0 4 26
0 5 27
0 6 22
0 7 9
0 8 10
0 8 13
0 8 14
0 8 15
0 8 16
0 8 17
1 -3 27
1 -1 26
1 0 26
1 1 10
1 1 11
1 2 10
1 2 11
1 3 10
1 3 26
1 4 24
1 5 10
1 6 10
1 7 11
1 8 13
1 8 14
1 8 15
1 8 16
1 8 17
1 8 18
2 -2 26
2 -2 27
2 -1 27
2 0 27
2 1 10
2 1 26
2 2 10
2 2 26
2 3 10
2 3 26
2 4 26
2 7 17
2 8 14
2 8 15
2 8 16
3 1 26
3 2 26
3 3 26
3 7 17
3 8 14
3 8 15
3 8 16
4 -2 31
4 1 29
4 2 10
4 2 29
4 3 29
4 4 28
4 5 30
4 6 26
4 7 16
4 8 13
4 8 14
4 8 15
5 3 30
5 4 30
5 7 16
5 8 14
5 8 15
6 8 15
7 8 9
7 8 11
7 8 13
7 8 15
8 8 8
8 8 9
8 8 10
8 8 12
8 8 13
9 8 8
9 8 9
9 8 13
9 8 14
10 8 8
10 8 9
10 8 12
10 8 13
10 8 14
11 8 9
11 8 13
11 8 14
12 8 12
12 8 13
13 8 12
13 8 13
